601 114
-99669 -99412 -99370 -98166 -98156 -97715 -97149 -97120 -97020 -96441 -96100 -95710 -95671 -95365 -95305 -95232 -94858 -94671 -93973 -93641 -93538 -93094 -92367 -91987 -91592 -90360 -90351 -90158 -89784 -89108 -89031 -89020 -88734 -88495 -88471 -88362 -87427 -86883 -85491 -85373 -85102 -84774 -84643 -84631 -84510 -84371 -83173 -83025 -82942 -82860 -81513 -81310 -81103 -81070 -80627 -80458 -80372 -79828 -79488 -79435 -78945 -78922 -78402 -77904 -77898 -77729 -77286 -77255 -76223 -75663 -75611 -75355 -75328 -75124 -74999 -74811 -74480 -74420 -73440 -73202 -72994 -72504 -72310 -71667 -70831 -70636 -70595 -70575 -70535 -70327 -70069 -69937 -69502 -69400 -68510 -67653 -67433 -66959 -66765 -66391 -65596 -65348 -64891 -64617 -64527 -64085 -63988 -63664 -63423 -63149 -62933 -62790 -62197 -61860 -61645 -60835 -60304 -60179 -59941 -59568 -59282 -58511 -58023 -57995 -57657 -57656 -57591 -57123 -57013 -56981 -56939 -56605 -56332 -56308 -56143 -55989 -55948 -55838 -55436 -55381 -55249 -54144 -53993 -53555 -53108 -53031 -52947 -52657 -52592 -52146 -52065 -52016 -50731 -50468 -50232 -50150 -50105 -49997 -49649 -49304 -49030 -48695 -48564 -48326 -48205 -48141 -48004 -47350 -47001 -45831 -45731 -45200 -45122 -44460 -44380 -44102 -43827 -43242 -43110 -41874 -40616 -40566 -39818 -39594 -39553 -39505 -39296 -39075 -38923 -38649 -38564 -38408 -37735 -37134 -36841 -36726 -36328 -35640 -35592 -35206 -35009 -34779 -34351 -34210 -34093 -34045 -33470 -33256 -33214 -32877 -32137 -31994 -30980 -30318 -30286 -29349 -29125 -28716 -28322 -28083 -28073 -28017 -27719 -27674 -27580 -27231 -27140 -27082 -25807 -25461 -25315 -24727 -24278 -24162 -24046 -23675 -22813 -22208 -22136 -22000 -21902 -21455 -21442 -21382 -20607 -20455 -20454 -20309 -19309 -19291 -19048 -18996 -17126 -17113 -17103 -17071 -15913 -15503 -14980 -14630 -14059 -13996 -13930 -13609 -13583 -12638 -12436 -11975 -11931 -11771 -11486 -11422 -11290 -9590 -9529 -9286 -8453 -7928 -7823 -7668 -7549 -7490 -7449 -7089 -5899 -5650 -5579 -5198 -5161 -4935 -4887 -4783 -4660 -4567 -3077 -3033 -2978 -2793 -2790 -2662 -2124 -2074 -2070 -2040 -1953 -1723 -1718 -1554 -879 -509 71 74 109 1004 1322 1435 1442 1565 1687 1875 1996 2194 2342 2753 3435 3978 3983 4306 4952 5228 5592 5617 6896 7038 7229 8092 8234 9216 9392 9629 9820 9863 9876 9938 10080 10441 10533 10564 10625 10717 10942 10978 11047 11311 11557 12123 12315 13535 14307 14874 15211 15535 16151 16640 17234 17246 17397 17613 18613 18700 18802 19239 19688 19922 21292 21329 21527 21781 22275 22347 23032 23356 23601 23603 24850 25233 25240 25284 25322 25366 25858 27315 27858 27996 28231 29086 29140 29392 29608 29864 30550 31366 31964 32132 32209 32223 32266 32616 33019 33070 33587 33883 34160 34248 34729 34775 35563 36844 37234 38052 38648 38698 39554 40052 40418 40900 40982 41215 41378 41628 42130 42445 42592 42977 42987 43054 43801 44197 44358 44736 44961 45260 45303 45375 46921 47048 47309 47454 48198 48651 48922 49009 49226 49404 50087 50261 50592 50599 51757 51820 53133 53773 53936 53991 54846 54973 55430 55635 55721 55956 56492 57001 57292 57698 57920 58139 58445 59956 60474 60482 60547 60561 60920 61112 61373 61450 62061 62307 62352 62433 62832 63052 63055 63709 64135 64716 64850 65259 66033 66741 67042 67247 67412 68454 69503 70023 70719 70781 70881 71202 71348 71680 72017 72055 72648 73334 73652 73927 74113 74480 74843 74863 75486 75861 76121 76268 76484 76780 76976 77441 77552 77727 77936 78025 78211 78380 79305 79388 79687 79955 80493 80731 80762 80980 81332 81941 82388 83670 84261 84956 84975 85007 85226 85347 85742 86612 86716 86736 87276 87864 88148 88565 88974 89166 89409 89888 90004 90268 90530 90673 90675 90758 90835 90843 91154 91854 92310 92387 92427 92942 92986 93072 93924 94020 94456 94732 94901 95207 95311 95779 96900 96935 97367 97541 97954 98214 98543 98925 99082 99104 99966
Insert 77441
Search 10717
Insert -2070
Search 55721
Insert 84956
Delete -75124
Insert 50592
Insert 11311
Search 1004
Insert 78025
Search 90004
Insert -89031
Insert 109
Search -98156
Search -13609
Search 25284
Delete -48326
Search -32877
Search 70881
Delete 58445
Delete -35206
Insert -56308
Search -15913
Search 76780
Search -55381
Search -17103
Search -96100
Search -75124
Insert -19048
Insert -12436
Search -23675
Search -64527
Insert -57657
Delete -56143
Delete -13930
Search 14874
Search 42130
Insert 25284
Search -19048
Insert 96935
Insert -63423
Search -2040
Delete 31366
Insert 22275
Insert 50087
Delete 67042
Search -89020
Search 14307
Delete -38923
Delete -79435
Delete 19922
Delete -20454
Insert -20309
Insert -27674
Delete 10533
Delete -49649
Delete 5617
Search 71202
Insert -44460
Delete -80627
Search -34779
Search 95207
Search 41628
Insert -13996
Search -45200
Insert 32132
Insert -74999
Insert -72504
Delete -94671
Delete -70069
Insert 50087
Search -70535
Insert 93924
Insert -57657
Insert -28083
Insert -81103
Insert -98166
Delete 76484
Delete 1687
Insert 24850
Delete 45303
Search -1953
Search -63664
Insert -63149
Search -70535
Delete 14874
Search -15913
Delete 78380
Search 23032
Search -13609
Search -45122
Search 12315
Insert -27231
Insert 80980
Search 32132
Insert -2040
Search 25233
Search -67433
Insert 4306
Insert 62352
Search -7928
Search -48141
Delete -89108
Insert -84774
Delete -68510
Insert 10080
Delete 63052
Search 22275
Insert -17126
Search 77552
Delete 94456
Insert -23675
Insert -62933
Insert -36328
