97 64
-98807 -98798 -94058 -93393 -92854 -89328 -87867 -87301 -86947 -84299 -82332 -81586 -81383 -80315 -79350 -77487 -76443 -74732 -74456 -67659 -63828 -59113 -57063 -48667 -48198 -47750 -45747 -41694 -41017 -40501 -40495 -39761 -38402 -37093 -32263 -31038 -28006 -25098 -19372 -18797 -13704 -11712 -8037 -2833 -2738 1229 5476 5844 6091 8082 8374 9295 11641 13594 13842 17449 17909 18389 18748 21884 25220 27000 34615 35270 36726 36767 41405 42829 45390 47016 48595 49205 49398 50341 51664 54104 55545 58796 58871 63346 69152 70191 73151 75926 77000 82317 82564 82952 85292 86420 87285 90098 90720 92233 94683 96370 99633
Delete -11712
Delete -11712
Insert -81383
Insert -48198
Delete 90720
Search 58871
Delete -41694
Delete 13842
Search 8082
Search -25098
Insert 18748
Insert 41405
Insert -40495
Search 96370
Insert 34615
Insert 13594
Search -89328
Insert 17909
Delete 35270
Search -28006
Search -89328
Insert -98807
Delete 70191
Search -39761
Insert 87285
Search 17449
Insert -40495
Delete 45390
Insert 49398
Delete 47016
Insert 90098
Search 54104
Delete 82564
Insert 6091
Search 63346
Delete 54104
Search -25098
Search 75926
Delete 36726
Delete -67659
Delete 8374
Insert 50341
Insert 35270
Delete 55545
Delete -2738
Insert -82332
Search -86947
Delete -92854
Delete 77000
Delete -79350
Search 49205
Delete -63828
Insert -94058
Search 94683
Insert 82317
Delete 85292
Insert 17909
Insert 13594
Delete -2833
Delete 92233
Search -77487
Insert 90098
Delete 18389
Insert 75926
