682 458
-99753 -99690 -99427 -99319 -99258 -99067 -99016 -98686 -98413 -98032 -97308 -97119 -97045 -97004 -96661 -95903 -95708 -95503 -95402 -94948 -94589 -94371 -94355 -94306 -94048 -93525 -93425 -93327 -93294 -92615 -92421 -92155 -91980 -91841 -91703 -91479 -90958 -90695 -90635 -89890 -89196 -88795 -88635 -87978 -87902 -87531 -87087 -87048 -86955 -86951 -85409 -84689 -83730 -83266 -82919 -82665 -82472 -82328 -82251 -81908 -81593 -80668 -80361 -80279 -80222 -80133 -80118 -79984 -79770 -79410 -79182 -79107 -79087 -78254 -77722 -77301 -77156 -77146 -76811 -75970 -75881 -75267 -75049 -74965 -74688 -74527 -74290 -74099 -73684 -73205 -73126 -73033 -72876 -72861 -72839 -72755 -72622 -72532 -72384 -72343 -72235 -71461 -71441 -70478 -70467 -70023 -69522 -69495 -69197 -69099 -68142 -67639 -66918 -66858 -66795 -66561 -66103 -66059 -65814 -65767 -65604 -65308 -62561 -62345 -62158 -61612 -61331 -61156 -60867 -60204 -59906 -59775 -59737 -58828 -58793 -58332 -58130 -57904 -57798 -57781 -57335 -57270 -57235 -56478 -56240 -54727 -54008 -53551 -53096 -51716 -51609 -51516 -51266 -50953 -50487 -50085 -50080 -50075 -50059 -49966 -49400 -49129 -49104 -48824 -48461 -48184 -48152 -47477 -47330 -47170 -47169 -46980 -46727 -46255 -46007 -45303 -45163 -44807 -44568 -44528 -44491 -44223 -44183 -43766 -43520 -43361 -43309 -43038 -42618 -42561 -42497 -42432 -42385 -42197 -42140 -41842 -41106 -40614 -40611 -40432 -40015 -39965 -39184 -39012 -38846 -38791 -38630 -38326 -38295 -38264 -37918 -37666 -37016 -36982 -36935 -36828 -36707 -36697 -35630 -35367 -34520 -34001 -33880 -33808 -33396 -32485 -31954 -31257 -30715 -30204 -29754 -29277 -29210 -28933 -28433 -28391 -27979 -27500 -27492 -27226 -27192 -27074 -27045 -26985 -26655 -26550 -26451 -26301 -25845 -25321 -24924 -24509 -24446 -24333 -24274 -24258 -24228 -23993 -23861 -23726 -23348 -23074 -23016 -22940 -22583 -22424 -22210 -21895 -21568 -21479 -21465 -20864 -20578 -20113 -19319 -19103 -18815 -18692 -17920 -17525 -17305 -17198 -17134 -16627 -16330 -16247 -15951 -15856 -15337 -15158 -15137 -15109 -14882 -14735 -14461 -14345 -14158 -13476 -13195 -12595 -12442 -12384 -12109 -11092 -10016 -9570 -8083 -8036 -7932 -7622 -7067 -6877 -6658 -6591 -6244 -6159 -5723 -4802 -3996 -3263 -3208 -3091 -2710 -1945 -1562 -1338 -1278 -1219 -1141 -1076 -1010 -891 -841 631 1271 1942 2238 2305 3015 3183 3962 5101 5266 5489 5804 5807 6355 6704 6874 7010 7283 8123 8133 8169 8449 8672 8921 9049 9054 9157 9271 9691 9866 10020 10123 10214 10274 10477 10492 10879 11127 11425 12484 12507 13311 13858 13970 14011 14840 15205 15227 15266 15372 15808 16038 16246 16542 16945 17033 17067 17482 17755 19721 20113 20184 20261 20480 20937 21219 21318 21524 21538 21576 22039 22083 22699 23146 23291 23399 23748 23845 23931 24105 24160 24496 24806 25273 25306 25590 25777 26226 26435 26524 26771 27449 27550 27820 28059 28086 28379 28388 28865 29369 29415 29419 29674 29840 30544 30588 30652 30705 30924 31017 31183 32477 33218 33240 33354 33545 33842 34085 34365 34447 34543 35246 35485 35590 35914 35949 36072 36095 36137 36291 36409 36744 36982 37631 37889 38349 39229 39469 39584 39641 39730 39880 40492 40616 40662 40693 40724 40785 41009 41212 41855 42626 42969 43190 43862 44687 44688 44961 45470 45987 46315 46572 47147 47218 48242 48696 49062 49175 49286 49532 49577 49988 50014 50153 50193 50218 50452 50535 50596 51175 51401 51866 51889 52567 53255 53299 53311 53646 53657 53894 54072 54146 54217 54233 54537 54630 54775 54842 54888 54939 54996 55030 55121 55206 55208 55376 56024 56078 56146 56417 56612 56919 57096 57442 57455 57563 58432 60121 60267 60410 60642 61382 62427 62875 62911 63047 63152 63570 63930 63949 63962 63999 64080 64320 65654 66026 66483 66653 67304 67386 67776 68074 68077 68085 68238 68304 68566 68575 68657 69010 69247 69296 69510 69658 69841 70867 71004 71051 71383 71441 71710 71959 72340 72674 72839 72863 73539 74049 74174 74823 74990 75663 75715 76210 76216 76335 76861 76932 77044 77285 77341 77562 78310 78559 78732 78802 79006 79334 80159 80785 81209 81288 81695 81834 81881 82069 82200 82720 83243 83384 83535 83694 83916 83955 84022 84093 85282 85355 85623 86115 86723 86809 86910 87099 87405 88391 88838 88892 88980 89645 89680 89680 89867 89947 90394 90668 90918 92243 93017 93422 93598 93812 94088 94544 94905 95120 95574 95676 96210 96380 96568 96783 97236 97824 98268 98634 98746 99166 99747
Insert 77341
Search -21479
Insert 85623
Search -15951
Search 86115
Insert 74990
Insert -22583
Insert 68304
Search 93017
Search 99166
Insert 54233
Insert 87405
Search 84093
Insert 98746
Insert -72755
Search -72532
Insert -13195
Search 80159
Search -42497
Search -74965
Delete 88391
Search 56417
Search -39965
Search 70867
Search -28391
Search 5101
Search -69522
Insert -22940
Search -28933
Delete -80118
Insert 71710
Insert 8133
Search 54630
Search 36982
Delete 51889
Search -43520
Delete 60642
Delete -93294
Search 40724
Insert -25321
Insert 52567
Delete -66858
Delete -36935
Delete -99753
Search 83384
Delete -72876
Insert -31954
Search -79770
Delete -83730
Insert -69522
Delete 21219
Search 10214
Search 631
Delete 3015
Insert -1945
Search -49104
Delete 46315
Insert -72622
Search 87405
Search 39469
Search -49966
Insert 35246
Search -1945
Search 34543
Search 11127
Delete -23993
Delete -48184
Delete 8123
Insert -1076
Insert 82069
Insert 71051
Search -61612
Delete 15266
Insert 27449
Insert -6244
Delete -23993
Search -72876
Delete -46727
Search 58432
Search -70478
Delete 49175
Search -3263
Insert -14158
Delete 41009
Insert 96380
Insert 71710
Delete 54888
Insert -14158
Delete -24228
Search 67386
Search -24924
Insert 9271
Delete -46007
Delete -79410
Insert 39641
Delete -19103
Insert 54842
Search -20113
Search 68566
Insert -74527
Delete 47147
Delete 36982
Delete -92155
Insert 66653
Delete -66103
Insert -46007
Delete 75715
Delete -94589
Insert 15372
Search -58130
Delete -23348
Search 36137
Delete -3208
Insert -25321
Delete -65604
Search -71461
Delete -891
Search -20864
Insert 86115
Search 88391
Insert 78732
Delete 30544
Delete 96210
Insert 83916
Search 57455
Insert 56417
Search 49062
Insert -29277
Insert 10492
Delete 8169
Insert -58828
Search 25590
Search 631
Insert -57270
Insert -48184
Delete 10214
Delete -26655
Delete 84022
Delete 68304
Insert 74990
Search 98634
Delete 64080
Search -72622
Delete 83243
Delete 72340
Insert -21479
Delete -79107
Search 50014
Delete -98413
Insert -97004
Insert -79770
Insert -21465
Search 48242
Insert 56919
Search -59775
Search -51609
Insert -27045
Insert 80785
Insert -54008
Insert -65767
Search -42618
Search -71441
Insert 16945
Delete 90918
Delete 66026
Insert 64080
Delete 10123
Insert -22940
Search 13311
Insert 66026
Search 70867
Delete 83243
Insert -79410
Insert 41855
Delete 36072
Delete -20113
Delete -10016
Delete -33880
Search -14158
Search 21576
Search -43038
Delete -58130
Search 29840
Delete -87048
Insert 54072
Search 83384
Insert 88892
Insert 68074
Insert 39229
Search -24333
Delete -15109
Delete -37666
Delete -36697
Insert 74823
Insert 82720
Search -97045
Search 76210
Insert -99427
Delete 57442
Insert 42969
Insert 93017
Insert -59737
Insert -1010
Search 94088
Insert 20261
Delete 10020
Insert -77156
Delete 73539
Delete -1945
Insert -65604
Search -50059
Insert 21576
Insert -17525
Search 30588
Delete 34085
Insert 54630
Search 96380
Insert 12507
Insert 99747
Search 30588
Insert 70867
Insert 21318
Delete -98413
Insert -20864
Delete -51609
Delete 73539
Delete 54146
Insert 16542
Delete -88795
Delete -22940
Delete 15227
Insert -28391
Delete -74099
Delete -97308
Delete -17305
Delete 40724
Delete 64320
Insert -48461
Delete 50535
Delete -34001
Delete -57235
Search -16627
Insert 35590
Search -70478
Insert -61331
Delete -11092
Insert 39641
Delete -41106
Search 36291
Insert 86115
Insert 88892
Search -27045
Search 83694
Delete 27449
Insert -50075
Search 30544
Delete -71461
Insert -17305
Insert -94371
Search 10879
Delete -80222
Delete 89680
Insert 54630
Insert 24105
Insert 10477
Delete 10123
Insert -61156
Insert -43309
Delete -1141
Search 55376
Insert 67776
Delete -72343
Delete -1076
Insert 57455
Search -75970
Insert 47147
Insert -33808
Search 98268
Search 82200
Delete 13311
Insert -72755
Search 87405
Search 93017
Delete -12384
Insert -76811
Insert -69495
Insert 34365
Insert 85623
Delete 69247
Delete 33218
Search -82919
Delete -65308
Delete -90635
Search 5489
Insert 53894
Search -14345
Search -74099
Insert -49966
Search 23931
Search 11127
Insert 78732
Delete 35914
Search 99747
Insert 41009
Insert -27979
Search 63930
Delete 49062
Delete 63999
Search -66561
Search 53311
Insert -24274
Delete 68074
Delete 17755
Delete 22083
Delete 50452
Delete 76932
Insert 65654
Insert -54727
Search -65814
Search 37889
Delete -44183
Delete 86723
Delete 5804
Delete 54996
Insert -80133
Delete 24496
Delete 49175
Insert 92243
Insert 8169
Delete -1010
Search 39730
Insert 78802
Delete 86115
Delete -27074
Delete -94948
Insert 28388
Delete 11127
Delete -40614
Search -28433
Delete 44687
Delete 25273
Insert 79006
Delete 53646
Search 33218
Search -14158
Insert 10477
Delete 6874
Insert 30924
Delete 15266
Search 16038
Delete -94048
Insert 74990
Delete 53894
Search 26771
Search -48184
Delete 12484
Search 33240
Delete -59737
Insert -33808
Insert 39880
Search 94905
Delete 74823
Delete 36072
Insert 85282
Search 9271
Insert 63570
Insert 39584
Insert -72861
Insert 72340
Delete 16038
Search -81908
Search 90668
Insert 15372
Search -69522
Search -99753
Insert 30588
Search -84689
Search -6244
Search -91479
Insert 95676
Insert 76335
Search -72622
Insert 5489
Search -93525
Insert -94371
Search -891
Delete 41212
Delete 69296
Delete 24160
Delete -70478
Delete 69010
Search 20184
Delete -36982
Delete 36291
Delete -14735
Search 86115
Delete -7067
Search 78310
Search -26985
Delete -33396
Search 10274
Delete 5489
Delete -44568
Search 6704
Delete -25321
Delete -4802
Search -7932
Delete -72235
Search -83730
Search -74099
Search -1338
Delete 64080
Search -72235
Delete 75715
Insert 35246
Search 75663
Insert -95708
Insert -12109
Delete 50153
Search -72235
Insert 25273
Search -34520
Search 32477
Delete 63962
Search -40614
Delete -49400
Delete -98032
Delete 40492
Search 55208
Search 33842
Delete 56417
Delete 32477
Insert 83694
Insert -79410
Search -92421
Delete 54775
Search 69296
Insert 43862
Search 16246
Search -49129
Insert -841
Search 25590
Delete 9271
Search 33842
Delete 75715
Delete 53646
Delete 69247
Delete 3962
Insert 5807
Delete -8036
Insert 68085
Insert -57335
Insert -35367
Insert -57335
Delete -7067
Insert 49175
Delete 78559
Delete -13195
