851 244
-99838 -99817 -99701 -99645 -99387 -99169 -99133 -99121 -99100 -98429 -97572 -97448 -97286 -97229 -97210 -96662 -96561 -96202 -96132 -95830 -95715 -95564 -95555 -95444 -95343 -95032 -94999 -94869 -94781 -94379 -94103 -93690 -93468 -93128 -92721 -92646 -92149 -92135 -92001 -91528 -91345 -91134 -90661 -90458 -90240 -90159 -90133 -90092 -89887 -89611 -89591 -89494 -89342 -88894 -88848 -88548 -87449 -87233 -86950 -86896 -86301 -86059 -85847 -85550 -85298 -85108 -84562 -83980 -83855 -83364 -82754 -82667 -82477 -82449 -82391 -81842 -81795 -81670 -81653 -81312 -81046 -80862 -80638 -79474 -79207 -78607 -77601 -77587 -77574 -77543 -77403 -77293 -77265 -77253 -77202 -76431 -76401 -76199 -76163 -75805 -75518 -75102 -74868 -74695 -74652 -74373 -74346 -74248 -73766 -73200 -73094 -73068 -72861 -72822 -72815 -72794 -72773 -72764 -72465 -72273 -72158 -72144 -71396 -71304 -71103 -70731 -70546 -70522 -69916 -69695 -69532 -68770 -68584 -68424 -67775 -67757 -67668 -67536 -67456 -67187 -67034 -67024 -66866 -66603 -66481 -66396 -66375 -66287 -66269 -66263 -66218 -65979 -65898 -65801 -65697 -65429 -65189 -64224 -63947 -63427 -63225 -63149 -62801 -62667 -62625 -61809 -61250 -61233 -60992 -60732 -60593 -60280 -60180 -60061 -59587 -59511 -58996 -58824 -58228 -58226 -57877 -57821 -57601 -57173 -57135 -57039 -56655 -56641 -56536 -56529 -56364 -56325 -56281 -55947 -55516 -55495 -55442 -54762 -54711 -54707 -54692 -54633 -54566 -54381 -54371 -53783 -53755 -53621 -53576 -52914 -52859 -52826 -52653 -52572 -52486 -52436 -52087 -51714 -51514 -51395 -51325 -51261 -51131 -50714 -50365 -50033 -49913 -49863 -49823 -49453 -49184 -48822 -48643 -48575 -48292 -48006 -47958 -47868 -47729 -47532 -47357 -47323 -47204 -47114 -47074 -46505 -46084 -45982 -45771 -45349 -45303 -45269 -45123 -44773 -44770 -44246 -44233 -44146 -43949 -43931 -43922 -43918 -43464 -43279 -43264 -42963 -42914 -42457 -42378 -41733 -41696 -41403 -41309 -41247 -41108 -40585 -40556 -40498 -40206 -40172 -40052 -39569 -39443 -38961 -38320 -38028 -37591 -36885 -36693 -36597 -36414 -35945 -35727 -35260 -34722 -34633 -34547 -34462 -34268 -34142 -34054 -33872 -33529 -33172 -32731 -32711 -32592 -32293 -31260 -30585 -30550 -30135 -29690 -29172 -29167 -28521 -28115 -27580 -27115 -26861 -26749 -26741 -26694 -26351 -26087 -25677 -24826 -24734 -24625 -24397 -24212 -23901 -23810 -23778 -23595 -23523 -23387 -23129 -23041 -22950 -22905 -22883 -22629 -22553 -22323 -22273 -22193 -22102 -22033 -22032 -21591 -21241 -21018 -20857 -20849 -20757 -20713 -20386 -20150 -20122 -20107 -19907 -19101 -18740 -18273 -17581 -17272 -16841 -16509 -16266 -16165 -15932 -15792 -15725 -15566 -15508 -15080 -15070 -14856 -14575 -14494 -14228 -14190 -14183 -14116 -14017 -13630 -13529 -13528 -13400 -12799 -11275 -11166 -11046 -10998 -10992 -10874 -10082 -9777 -9599 -9552 -9232 -8967 -8901 -8744 -8719 -8151 -7931 -7638 -6669 -6506 -6193 -5862 -5426 -5365 -5352 -5004 -4999 -4878 -4728 -4636 -4419 -4011 -3941 -3726 -3704 -3623 -3420 -3312 -3295 -3244 -3194 -3189 -3032 -2858 -2755 -2448 -2397 -1669 -1478 -1399 -1214 -620 -598 -474 -168 -129 74 106 385 569 1655 1801 2100 2267 2665 2968 3365 3417 3463 3514 3664 3813 4352 5018 5325 5532 5571 5813 5875 5902 6286 6388 6616 6624 6837 6847 6872 7056 7164 7290 7394 7822 7875 8087 8310 8317 8692 9076 9244 9585 10202 10290 10610 11140 11275 11370 11751 11841 11935 12290 12344 12718 13192 13467 14021 14082 14304 14485 14691 14759 15927 15969 16047 16104 16201 16441 16500 16779 16806 17187 17353 17443 17513 18424 18803 18819 18824 19008 19277 19380 19508 19635 19639 19639 19897 19963 20125 20313 20518 20751 21117 21360 21407 21523 21631 21980 22060 22140 22827 23443 23862 25308 25354 25390 25846 26394 26418 26569 26710 26841 27465 28039 28355 28363 28644 28956 30176 30236 30638 31068 31135 31177 31324 31587 32509 32755 33086 33336 33379 33545 33854 34218 34250 34604 35320 35690 35882 35902 36428 36510 36636 36728 37435 37485 37616 37727 38011 38279 38579 38776 38824 39018 39175 39312 39885 39936 40247 40554 40585 40694 40845 40984 41043 41186 41503 41516 41549 41871 41915 42209 42307 42611 42699 43234 43291 43427 43760 44140 44168 44216 44272 45306 45413 45689 45733 45880 45914 46307 46483 46869 46954 47006 47009 47966 48488 48499 48860 48895 49204 49256 49565 49580 49928 50057 50073 50307 50877 50960 51270 51339 51365 51487 51517 51884 52068 52103 52650 52694 53004 53241 53386 53757 53805 53891 55014 55229 55336 55959 56300 56551 56556 56740 57037 57233 57300 57531 57689 58139 58509 58904 58980 59354 59742 59891 60143 60375 61106 61512 61717 62279 62827 63343 63723 63941 63997 64213 64213 64300 64453 64498 64740 64828 65275 65968 66039 66427 66506 67480 67565 67912 67958 68646 69259 69277 69630 69652 70011 70262 70438 71042 71115 71365 72307 72618 72744 73112 74055 74288 74414 74901 75083 75233 75336 75529 75576 75589 75633 75752 75881 76041 76083 76308 76385 76399 76403 76978 77511 77573 77728 77753 78030 78087 78105 78210 78215 78746 78827 78903 79575 79623 79771 79786 79871 79984 80317 80465 82523 82671 82820 83165 83618 83814 84121 84127 84187 84305 84373 84447 85833 87202 87295 87951 88144 88145 88284 88295 88457 88834 89184 89269 89302 89358 89883 89916 89934 90056 90257 90314 90566 90958 91152 91335 91704 91959 91996 92155 92257 92315 92650 92679 92834 92940 92951 92985 93023 93193 93516 93670 93829 94172 94236 94362 94390 95067 95124 95315 96218 96394 96509 96770 97845 98450 98471 98538 98694 99124 99177 99448 99474 99950
Delete -22102
Insert -52914
Delete 76041
Delete -52436
Insert -60280
Search 59742
Search 30176
Insert -80638
Search 39312
Insert -63149
Search 64828
Delete -2755
Search -65429
Insert 7290
Search 21980
Insert -4728
Delete -76431
Delete 60143
Insert 42307
Insert 3813
Search -67034
Search 50073
Search 6388
Delete 26569
Delete 11751
Delete 36510
Insert 70011
Delete 34604
Insert -99169
Search -22102
Insert -9777
Delete -69916
Delete 4352
Search -95564
Insert 89883
Search -77202
Delete 64213
Insert -23778
Search -77543
Insert 25354
Search 55959
Delete 7290
Delete -99817
Delete 14021
Delete 91335
Insert -77265
Delete -33529
Delete 79786
Delete 33379
Search 19635
Search -22273
Insert -64224
Delete -86301
Insert 19008
Search -85298
Search 73112
Insert -87449
Insert 94172
Search -72822
Delete 385
Delete -95715
Delete -21018
Insert -34547
Insert -47958
Insert -67757
Insert 6624
Insert 21523
Search -52486
Delete -56529
Insert -36693
Insert 14082
Insert -85550
Insert -82449
Search 20518
Search -86059
Delete 48488
Delete 38279
Delete -8901
Search 89934
Insert 96394
Insert 6847
Delete -74695
Search 43760
Insert -31260
Delete 37485
Insert -67456
Insert 58139
Search 71115
Search 44168
Delete -96662
Search 6847
Search -32592
Search 69652
Insert 49580
Delete 89358
Delete -33172
Insert 45689
Insert -68770
Search 47006
Insert -34633
Insert -74695
Insert -60732
Insert -60992
Search 42307
Insert -13528
Search -60180
Insert 94236
Insert 42611
Delete 46954
Insert 2267
Insert 37727
Delete 25390
Delete -48822
Search 64453
Search 50960
Search 88144
Insert 14021
Insert 42307
Delete -81312
Insert 42307
Delete -58996
Delete -96561
Search -22950
Search -28521
Delete -69532
Insert 47006
Insert -52914
Insert -59587
Insert 28644
Delete -14190
Insert -74373
Search 52694
Delete 92679
Delete -2858
Search -18740
Delete -2755
Delete -85108
Search -66263
Delete -63947
Insert 2100
Insert -14183
Delete 22140
Insert -71103
Delete 8317
Delete -36414
Insert 37616
Insert -22883
Delete 20751
Search 79575
Delete -40498
Insert -46084
Search 74901
Delete -48643
Search -45303
Delete 12718
Insert -52653
Delete -96561
Delete -81046
Delete -61233
Search -18740
Insert -72764
Search 79771
Search -1478
Insert 57689
Delete 13192
Insert 26569
Delete -20107
Insert 37616
Delete 8310
Delete 16500
Search 41549
Insert 6837
Insert -59587
Search 59354
Search 50073
Insert 66506
Search -49184
Insert 78210
Delete -61250
Delete -76431
Search -45982
Delete 30638
Delete -45349
Delete -41733
Delete -49863
Search -26351
Search 34604
Insert -63225
Delete -92149
Delete 25308
Insert 36510
Insert -66375
Search -71103
Search -60061
Search 33336
Insert -73200
Search 2665
Search 12718
Insert -86301
Insert -91345
Delete -63427
Insert 52068
Insert 60375
Delete 31068
Search 75576
Delete -74248
Delete -50365
Insert -15792
Delete -48643
Search -60061
Search -42914
Delete 63941
Delete -5365
Delete 10610
Delete -55516
Delete 56551
Insert -3194
Delete 45306
Search -13529
Insert 21360
Insert -64224
Insert 57233
Search -20713
Search -43264
Insert -54371
Delete 5532
Insert 46483
Delete 69652
Search -52914
Search -52859
Delete -2448
Insert -35727
Insert -83980
Search -52826
Insert 90566
Search 50057
Insert 6286
Search -93468
Insert 40845
Search -76163
Search 49928
Insert 92679
Search -4878
Insert 28039
