94 47
-97760 -96622 -94059 -92039 -88906 -87146 -86815 -86006 -83442 -80287 -78828 -77303 -73783 -73506 -67365 -66292 -63735 -63700 -60817 -58399 -58127 -57377 -56592 -55278 -47975 -47757 -46802 -45263 -45241 -44745 -43663 -40819 -39721 -38686 -27135 -26812 -25512 -23224 -22197 -19846 -18064 -14314 -10191 -8286 -1333 1000 1327 3903 4075 5664 7289 10368 14180 14580 15017 15710 16613 17805 18208 18870 22542 24220 24951 25038 28310 29012 29166 29705 31505 34097 38408 41612 44149 52563 53405 54982 58053 61303 65324 67565 69881 71113 71532 74158 76590 78459 80687 80760 91298 93513 93535 96011 96189 97347
Insert 1000
Delete -80287
Search -58127
Search -40819
Search -1333
Insert -60817
Insert 96011
Delete -1333
Search 91298
Insert -58127
Search 18208
Search 29705
Search 29705
Insert -55278
Insert -18064
Delete 29012
Delete -47757
Insert 93535
Search 71113
Delete -87146
Insert 3903
Delete -39721
Delete 52563
Search 53405
Delete -46802
Search 24220
Insert -86006
Delete 93535
Search 18870
Search 5664
Delete -27135
Insert 7289
Search 14580
Delete 24951
Delete -86815
Insert -92039
Delete -55278
Delete -43663
Delete -8286
Search -96622
Delete -23224
Delete -58399
Delete 15710
Search 58053
Insert 24220
Delete 14580
Delete -78828
